<?xml version="1.0"?>
<opencv_storage>
<Distortion2 type_id="opencv-matrix">
  <rows>5</rows>
  <cols>1</cols>
  <dt>d</dt>
  <data>
    -9.0642460049970966e-002 2.1275635538593725e+000
    3.8168812691547586e-003 -5.1757709543193186e-003
    -2.3837189595891690e+001</data></Distortion2>
</opencv_storage>
