<?xml version="1.0"?>
<opencv_storage>
<Distortion1 type_id="opencv-matrix">
  <rows>5</rows>
  <cols>1</cols>
  <dt>d</dt>
  <data>
    -1.6548792902991849e-001 6.9466499918705482e+000
    2.4175045659535679e-003 -7.0836579087784517e-004
    -9.6893085555532750e+001</data></Distortion1>
</opencv_storage>
