<?xml version="1.0"?>
<opencv_storage>
<Intrinsics2 type_id="opencv-matrix">
  <rows>3</rows>
  <cols>3</cols>
  <dt>d</dt>
  <data>
    1.1146428442732822e+003 0. 6.2335585524595820e+002 0.
    1.1145675318977073e+003 5.4537418107185772e+002 0. 0. 1.</data></Intrinsics2>
</opencv_storage>
