<?xml version="1.0"?>
<opencv_storage>
<Intrinsics2 type_id="opencv-matrix">
  <rows>3</rows>
  <cols>3</cols>
  <dt>d</dt>
  <data>
    1.1120025884153513e+003 0. 6.8490612222433924e+002 0.
    1.1107040224365135e+003 5.4329618317101256e+002 0. 0. 1.</data></Intrinsics2>
</opencv_storage>
