<?xml version="1.0"?>
<opencv_storage>
<Intrinsics1 type_id="opencv-matrix">
  <rows>3</rows>
  <cols>3</cols>
  <dt>d</dt>
  <data>
    1.1135550806600543e+003 0. 6.9280301846756231e+002 0.
    1.1126231289022535e+003 4.8691140448255214e+002 0. 0. 1.</data></Intrinsics1>
</opencv_storage>
