<?xml version="1.0"?>
<opencv_storage>
<Intrinsics1 type_id="opencv-matrix">
  <rows>3</rows>
  <cols>3</cols>
  <dt>d</dt>
  <data>
    1.1114833946611732e+003 0. 6.3707647080306333e+002 0.
    1.1114338047506301e+003 4.9128639134759516e+002 0. 0. 1.</data></Intrinsics1>
</opencv_storage>
