<?xml version="1.0"?>
<opencv_storage>
<rotation_vectors1 type_id="opencv-matrix">
  <rows>6</rows>
  <cols>3</cols>
  <dt>d</dt>
  <data>
    5.7803045449704655e-003 3.0079748668383570e+000
    -3.5197294961509848e-002 9.1500453839321334e-003
    2.5570672396064769e+000 4.9066871003790952e-002
    -2.6765465172541327e-002 2.3307734759007146e+000
    -9.3200740578961105e-002 1.5648494873334397e-002
    -2.7290048211208457e+000 4.9687977217067011e-002
    -5.9347479872102656e-002 -2.6637725210981085e+000
    1.5227101964515166e-001 -2.5435456683684739e-002
    -2.3930676107696569e+000 1.3039081861770063e-001</data></rotation_vectors1>
</opencv_storage>
