<?xml version="1.0"?>
<opencv_storage>
<rotation_vectors2 type_id="opencv-matrix">
  <rows>6</rows>
  <cols>3</cols>
  <dt>d</dt>
  <data>
    9.9187732595110885e-003 2.9945271705347554e+000
    -3.2821657751745788e-002 1.3960482210718930e-002
    2.5473211851296447e+000 4.7101532913414228e-002
    -2.4792089102709917e-002 2.3190311583176881e+000
    -8.7199932775552075e-002 1.1345355416410734e-002
    -2.7402890740778654e+000 4.4555181930047226e-002
    -6.4170425175097912e-002 -2.6750811114183923e+000
    1.4702223172035217e-001 -2.9476331323443971e-002
    -2.4051154649522677e+000 1.2593640108033480e-001</data></rotation_vectors2>
</opencv_storage>
