<?xml version="1.0"?>
<opencv_storage>
<rotation_vectors2 type_id="opencv-matrix">
  <rows>6</rows>
  <cols>3</cols>
  <dt>d</dt>
  <data>
    7.1489085233316360e-002 2.6705548348920738e+000
    6.5857005829961915e-002 2.8495554914882603e-002
    2.5169132218565755e+000 3.3549981308632189e-002
    3.1170413940994814e+000 4.4313014759757824e-002
    -8.7795238255380617e-002 3.1681800377063647e-002
    -2.9625938928581985e+000 -3.2839060734510352e-003
    3.0019499967042996e-002 -2.8580583342320471e+000
    -1.5653478047565190e-002 -1.6526645410872190e-002
    2.4149396804060395e+000 4.3192019828925114e-002</data></rotation_vectors2>
</opencv_storage>
