<?xml version="1.0"?>
<opencv_storage>
<rotation_vectors1 type_id="opencv-matrix">
  <rows>6</rows>
  <cols>3</cols>
  <dt>d</dt>
  <data>
    6.6565770935316418e-002 2.6884325483199820e+000
    6.4050412815350954e-002 2.3164095882483832e-002
    2.5338553975929892e+000 3.0360656325007104e-002
    3.1117164524664163e+000 4.8925014448812448e-002
    -1.1633816326009849e-001 3.5540197098881669e-002
    -2.9458957735542617e+000 6.9875614039248708e-003
    3.3398412537809251e-002 -2.8409100507147902e+000
    -7.5096045436693279e-003 -2.1911875759557647e-002
    2.4318251779478497e+000 4.1192471912374171e-002</data></rotation_vectors1>
</opencv_storage>
