<?xml version="1.0"?>
<opencv_storage>
<translation_vectors2 type_id="opencv-matrix">
  <rows>6</rows>
  <cols>3</cols>
  <dt>d</dt>
  <data>
    -8.0441707271669728e+001 -1.3423912083601437e+002
    1.2236777487611766e+003 -8.7321392011297505e+001
    -1.1253242649576437e+002 1.2295963817030731e+003
    -2.8021752962646246e+002 6.4424830890021525e+001
    1.1553826522229213e+003 8.9729972626646713e+001
    -1.7276565354956779e+002 1.0938781351077980e+003
    1.0160940480702406e+002 -1.7284648327699475e+002
    1.0690160910171564e+003 2.9603358456406799e+001
    -1.6362836281360717e+002 1.1363516304824573e+003</data></translation_vectors2>
</opencv_storage>
