<?xml version="1.0"?>
<opencv_storage>
<translation_vectors1 type_id="opencv-matrix">
  <rows>6</rows>
  <cols>3</cols>
  <dt>d</dt>
  <data>
    -2.7905241610518615e+001 -1.2908403184449202e+002
    1.2258008515379934e+003 -3.4900318694154556e+001
    -1.0754584963242942e+002 1.2321724105164221e+003
    -2.2965195586650606e+002 6.8529605466007666e+001
    1.1611435375811718e+003 1.3993802402580187e+002
    -1.6780124118811653e+002 1.0943429392555827e+003
    1.5134600997658919e+002 -1.6794261343263364e+002
    1.0691706384162401e+003 8.0485000837845774e+001
    -1.5859713506790118e+002 1.1372660854993403e+003</data></translation_vectors1>
</opencv_storage>
