<?xml version="1.0"?>
<opencv_storage>
<translation_vectors1 type_id="opencv-matrix">
  <rows>6</rows>
  <cols>3</cols>
  <dt>d</dt>
  <data>
    7.8901350560105655e+001 -1.6830731680529877e+002
    1.4591561276271425e+003 5.9468819693462855e+001
    -1.3565475762422955e+002 1.5156272728709989e+003
    1.6815658358790637e+002 -1.1788343851513773e+002
    1.5078315892581611e+003 7.2726502959305691e+001
    -1.2950505023521427e+002 1.4450783515647486e+003
    5.5693425007014923e+001 -1.4580481710877174e+002
    1.5210166486069281e+003 1.0168057953063155e+002
    -1.5364206898311448e+002 1.4781713202805772e+003</data></translation_vectors1>
</opencv_storage>
