<?xml version="1.0"?>
<opencv_storage>
<translation_vectors2 type_id="opencv-matrix">
  <rows>6</rows>
  <cols>3</cols>
  <dt>d</dt>
  <data>
    3.0037531060726650e+001 -1.7079814086228419e+002
    1.4651403035368323e+003 1.0378836584687884e+001
    -1.3872626557437951e+002 1.5214884796093538e+003
    1.2073682722151565e+002 -1.1951725934743529e+002
    1.5145221474558855e+003 2.4342253587424810e+001
    -1.3240005959603445e+002 1.4507492811786233e+003
    6.3629616512593570e+000 -1.4884277412411114e+002
    1.5265161203715759e+003 5.2766408697728792e+001
    -1.5677378998925496e+002 1.4844366746346207e+003</data></translation_vectors2>
</opencv_storage>
